[gd_scene load_steps=11 format=2]

[ext_resource path="res://entities/ball/Ball.tscn" type="PackedScene" id=1]
[ext_resource path="res://main/following_camera.gd" type="Script" id=2]
[ext_resource path="res://main/end_goal.gd" type="Script" id=3]
[ext_resource path="res://main/game.gd" type="Script" id=4]

[sub_resource type="SpatialMaterial" id=3]
albedo_color = Color( 1, 0.27451, 0.27451, 1 )

[sub_resource type="CubeMesh" id=1]
material = SubResource( 3 )
size = Vector3( 8, 1, 8 )

[sub_resource type="BoxShape" id=2]
extents = Vector3( 4, 0.5, 4 )

[sub_resource type="SpatialMaterial" id=4]
albedo_color = Color( 0, 0.298039, 1, 1 )

[sub_resource type="CubeMesh" id=5]
material = SubResource( 4 )
size = Vector3( 10, 2, 2 )

[sub_resource type="BoxShape" id=6]
extents = Vector3( 4.95149, 1, 1 )

[node name="Game" type="Spatial"]
script = ExtResource( 4 )

[node name="CanvasLayer" type="CanvasLayer" parent="."]

[node name="root" type="MarginContainer" parent="CanvasLayer"]
anchor_right = 1.0
anchor_bottom = 1.0
__meta__ = {
"_edit_use_anchors_": false
}

[node name="Label" type="Label" parent="CanvasLayer/root"]
margin_top = 293.0
margin_right = 1024.0
margin_bottom = 307.0
text = "YOU WIN!!"
align = 1
valign = 1

[node name="Camera" type="Camera" parent="."]
transform = Transform( 1, 0, 0, 0, 0.961262, 0.275637, 0, -0.275637, 0.961262, 0, 0, 0 )
script = ExtResource( 2 )
offset = Vector3( 0, 2, 4 )
target_path = NodePath("../Entities/Ball")

[node name="Entities" type="Spatial" parent="."]
__meta__ = {
"_edit_lock_": true
}

[node name="Ball" parent="Entities" instance=ExtResource( 1 )]
transform = Transform( 1, 0, 0, 0, 1, 0, 0, 0, 1, 0, 21.1377, 0 )

[node name="Level" type="Spatial" parent="."]
__meta__ = {
"_edit_lock_": true
}

[node name="1" type="StaticBody" parent="Level"]
transform = Transform( 1, 0, 0, 0, 0.980894, 0.194543, 0, -0.194543, 0.980894, 0, 16.7487, -2.61635 )
collision_layer = 2
collision_mask = 4
__meta__ = {
"_edit_group_": true
}

[node name="MeshInstance" type="MeshInstance" parent="Level/1"]
mesh = SubResource( 1 )
material/0 = null

[node name="CollisionShape" type="CollisionShape" parent="Level/1"]
shape = SubResource( 2 )

[node name="2" type="StaticBody" parent="Level"]
transform = Transform( 1, 0, 0, 0, 0.905754, 0.423804, 0, -0.423804, 0.905754, 0, 14.2619, -10.0832 )
collision_layer = 2
collision_mask = 4
__meta__ = {
"_edit_group_": true
}

[node name="MeshInstance" type="MeshInstance" parent="Level/2"]
mesh = SubResource( 1 )
material/0 = null

[node name="CollisionShape" type="CollisionShape" parent="Level/2"]
shape = SubResource( 2 )

[node name="3" type="StaticBody" parent="Level"]
transform = Transform( 1, 0, 0, 0, 0.680772, 0.732495, 0, -0.732495, 0.680772, 0, 9.79838, -15.9872 )
collision_layer = 2
collision_mask = 4
__meta__ = {
"_edit_group_": true
}

[node name="MeshInstance" type="MeshInstance" parent="Level/3"]
mesh = SubResource( 1 )
material/0 = null

[node name="CollisionShape" type="CollisionShape" parent="Level/3"]
shape = SubResource( 2 )

[node name="4" type="StaticBody" parent="Level"]
transform = Transform( 1, 0, 0, 0, 0.922052, 0.387065, 0, -0.387065, 0.922052, 0, 5.38282, -22.0828 )
collision_layer = 2
collision_mask = 4
__meta__ = {
"_edit_group_": true
}

[node name="MeshInstance" type="MeshInstance" parent="Level/4"]
mesh = SubResource( 1 )
material/0 = null

[node name="CollisionShape" type="CollisionShape" parent="Level/4"]
shape = SubResource( 2 )

[node name="EndGoal" type="Area" parent="Level"]
transform = Transform( 1, 0, 0, 0, 1, 0, 0, 0, 1, 0, 7.25737, -36.4361 )
collision_layer = 8
collision_mask = 4
script = ExtResource( 3 )
__meta__ = {
"_edit_group_": true
}

[node name="MeshInstance" type="MeshInstance" parent="Level/EndGoal"]
mesh = SubResource( 5 )
material/0 = null

[node name="CollisionShape" type="CollisionShape" parent="Level/EndGoal"]
shape = SubResource( 6 )
[connection signal="body_entered" from="Level/EndGoal" to="Level/EndGoal" method="_on_EndGoal_body_entered"]
[connection signal="win" from="Level/EndGoal" to="." method="_on_EndGoal_win"]
